-1 -1 -1
-1 -1 -1
511 846 492
-1 -1 -1
-1 -1 -1
-1 -1 -1
-1 -1 -1
-1 -1 -1
-1 -1 -1
928 566 720
-1 -1 -1
107 896 436
113 94 554
-1 -1 -1
-1 -1 -1
960 386 386
-1 -1 -1
-1 -1 -1
742 723 959
-1 -1 -1
-1 -1 -1
-1 -1 -1
-1 -1 -1
-1 -1 -1
741 919 459
-1 -1 -1
-1 -1 -1
-1 -1 -1
-1 -1 -1
-1 -1 -1
-1 -1 -1
-1 -1 -1
-1 -1 -1
-1 -1 -1
-1 -1 -1
-1 -1 -1
-1 -1 -1
-1 -1 -1
-1 -1 -1
-1 -1 -1
741 908 76
-1 -1 -1
-1 -1 -1
-1 -1 -1
-1 -1 -1
-1 -1 -1
-1 -1 -1
-1 -1 -1
-1 -1 -1
927 264 532
113 94 392
-1 -1 -1
-1 -1 -1
-1 -1 -1
-1 -1 -1
909 890 395
-1 -1 -1
-1 -1 -1
-1 -1 -1
742 492 723
-1 -1 -1
-1 -1 -1
-1 -1 -1
-1 -1 -1
-1 -1 -1
-1 -1 -1
-1 -1 -1
-1 -1 -1
-1 -1 -1
88 915 262
-1 -1 -1
-1 -1 -1
-1 -1 -1
-1 -1 -1
-1 -1 -1
-1 -1 -1
-1 -1 -1
-1 -1 -1
-1 -1 -1
-1 -1 -1
-1 -1 -1
-1 -1 -1
-1 -1 -1
-1 -1 -1
-1 -1 -1
-1 -1 -1
-1 -1 -1
854 665 492
-1 -1 -1
-1 -1 -1
-1 -1 -1
-1 -1 -1
-1 -1 -1
828 444 71
-1 -1 -1
-1 -1 -1
-1 -1 -1
50 839 653
-1 -1 -1
-1 -1 -1
-1 -1 -1
-1 -1 -1
-1 -1 -1
-1 -1 -1
-1 -1 -1
-1 -1 -1
-1 -1 -1
338 492 146
-1 -1 -1
-1 -1 -1
-1 -1 -1
-1 -1 -1
281 529 915
281 722 262
-1 -1 -1
-1 -1 -1
522 813 171
81 460 261
683 320 492
-1 -1 -1
-1 -1 -1
-1 -1 -1
-1 -1 -1
-1 -1 -1
-1 -1 -1
-1 -1 -1
-1 -1 -1
511 280 359
-1 -1 -1
-1 -1 -1
290 631 492
-1 -1 -1
-1 -1 -1
-1 -1 -1
-1 -1 -1
926 261 77
288 355 492
-1 -1 -1
-1 -1 -1
-1 -1 -1
-1 -1 -1
-1 -1 -1
107 896 596
-1 -1 -1
739 75 531
-1 -1 -1
-1 -1 -1
583 722 74
-1 -1 -1
-1 -1 -1
-1 -1 -1
-1 -1 -1
-1 -1 -1
-1 -1 -1
-1 -1 -1
-1 -1 -1
-1 -1 -1
-1 -1 -1
-1 -1 -1
-1 -1 -1
-1 -1 -1
-1 -1 -1
-1 -1 -1
85 526 722
-1 -1 -1
-1 -1 -1
-1 -1 -1
-1 -1 -1
375 492 282
511 709 629
-1 -1 -1
-1 -1 -1
-1 -1 -1
-1 -1 -1
-1 -1 -1
-1 -1 -1
-1 -1 -1
-1 -1 -1
-1 -1 -1
-1 -1 -1
-1 -1 -1
-1 -1 -1
909 890 556
-1 -1 -1
-1 -1 -1
-1 -1 -1
-1 -1 -1
455 896 896
908 393 889
-1 -1 -1
-1 -1 -1
94 909 722
-1 -1 -1
-1 -1 -1
-1 -1 -1
281 913 913
-1 -1 -1
-1 -1 -1
-1 -1 -1
-1 -1 -1
425 919 262
531 820 820
-1 -1 -1
-1 -1 -1
-1 -1 -1
-1 -1 -1
723 623 492
864 790 467
-1 -1 -1
-1 -1 -1
-1 -1 -1
-1 -1 -1
-1 -1 -1
511 687 768
-1 -1 -1
-1 -1 -1
-1 -1 -1
-1 -1 -1
-1 -1 -1
-1 -1 -1
-1 -1 -1
-1 -1 -1
-1 -1 -1
-1 -1 -1
-1 -1 -1
-1 -1 -1
-1 -1 -1
-1 -1 -1
-1 -1 -1
-1 -1 -1
-1 -1 -1
-1 -1 -1
-1 -1 -1
-1 -1 -1
-1 -1 -1
-1 -1 -1
-1 -1 -1
-1 -1 -1
403 600 957
-1 -1 -1
-1 -1 -1
-1 -1 -1
-1 -1 -1
355 158 950
-1 -1 -1
-1 -1 -1
-1 -1 -1
-1 -1 -1
-1 -1 -1
-1 -1 -1
-1 -1 -1
-1 -1 -1
-1 -1 -1
-1 -1 -1
-1 -1 -1
-1 -1 -1
-1 -1 -1
-1 -1 -1
-1 -1 -1
-1 -1 -1
-1 -1 -1
-1 -1 -1
-1 -1 -1
-1 -1 -1
720 492 626
-1 -1 -1
-1 -1 -1
-1 -1 -1
-1 -1 -1
-1 -1 -1
-1 -1 -1
-1 -1 -1
-1 -1 -1
616 42 387
-1 -1 -1
-1 -1 -1
-1 -1 -1
-1 -1 -1
-1 -1 -1
-1 -1 -1
-1 -1 -1
648 492 283
-1 -1 -1
926 382 77
-1 -1 -1
-1 -1 -1
112 553 93
-1 -1 -1
-1 -1 -1
43 262 722
-1 -1 -1
571 96 888
575 94 94
-1 -1 -1
-1 -1 -1
-1 -1 -1
281 262 722
-1 -1 -1
-1 -1 -1
-1 -1 -1
-1 -1 -1
-1 -1 -1
-1 -1 -1
-1 -1 -1
-1 -1 -1
-1 -1 -1
-1 -1 -1
-1 -1 -1
114 889 95
192 173 475
931 723 534
-1 -1 -1
-1 -1 -1
-1 -1 -1
-1 -1 -1
-1 -1 -1
-1 -1 -1
83 339 402
281 421 74
-1 -1 -1
-1 -1 -1
-1 -1 -1
-1 -1 -1
315 492 342
-1 -1 -1
-1 -1 -1
-1 -1 -1
-1 -1 -1
742 723 723
-1 -1 -1
-1 -1 -1
-1 -1 -1
-1 -1 -1
-1 -1 -1
-1 -1 -1
-1 -1 -1
-1 -1 -1
-1 -1 -1
-1 -1 -1
-1 -1 -1
-1 -1 -1
-1 -1 -1
-1 -1 -1
-1 -1 -1
-1 -1 -1
-1 -1 -1
-1 -1 -1
-1 -1 -1
280 75 75
-1 -1 -1
-1 -1 -1
-1 -1 -1
-1 -1 -1
478 262 919
-1 -1 -1
511 147 668
-1 -1 -1
-1 -1 -1
281 907 77
-1 -1 -1
-1 -1 -1
280 71 451
-1 -1 -1
-1 -1 -1
-1 -1 -1
-1 -1 -1
511 492 146
-1 -1 -1
-1 -1 -1
-1 -1 -1
-1 -1 -1
-1 -1 -1
-1 -1 -1
739 264 956
83 262 402
-1 -1 -1
-1 -1 -1
-1 -1 -1
-1 -1 -1
-1 -1 -1
234 687 492
-1 -1 -1
-1 -1 -1
-1 -1 -1
-1 -1 -1
-1 -1 -1
-1 -1 -1
-1 -1 -1
511 289 646
-1 -1 -1
-1 -1 -1
-1 -1 -1
-1 -1 -1
-1 -1 -1
-1 -1 -1
-1 -1 -1
113 94 94
-1 -1 -1
-1 -1 -1
-1 -1 -1
-1 -1 -1
-1 -1 -1
-1 -1 -1
-1 -1 -1
-1 -1 -1
906 97 553
-1 -1 -1
-1 -1 -1
-1 -1 -1
-1 -1 -1
-1 -1 -1
-1 -1 -1
-1 -1 -1
373 492 711
-1 -1 -1
-1 -1 -1
-1 -1 -1
-1 -1 -1
-1 -1 -1
-1 -1 -1
-1 -1 -1
-1 -1 -1
-1 -1 -1
-1 -1 -1
-1 -1 -1
-1 -1 -1
-1 -1 -1
511 722 262
96 722 77
386 43 605
-1 -1 -1
-1 -1 -1
-1 -1 -1
-1 -1 -1
-1 -1 -1
-1 -1 -1
-1 -1 -1
96 603 907
-1 -1 -1
-1 -1 -1
-1 -1 -1
-1 -1 -1
741 722 489
-1 -1 -1
-1 -1 -1
447 888 96
-1 -1 -1
-1 -1 -1
-1 -1 -1
-1 -1 -1
-1 -1 -1
-1 -1 -1
-1 -1 -1
-1 -1 -1
-1 -1 -1
-1 -1 -1
-1 -1 -1
739 264 720
-1 -1 -1
-1 -1 -1
-1 -1 -1
-1 -1 -1
-1 -1 -1
-1 -1 -1
-1 -1 -1
-1 -1 -1
-1 -1 -1
-1 -1 -1
-1 -1 -1
85 722 526
-1 -1 -1
-1 -1 -1
-1 -1 -1
-1 -1 -1
-1 -1 -1
-1 -1 -1
511 352 709
598 436 706
-1 -1 -1
-1 -1 -1
511 709 355
-1 -1 -1
-1 -1 -1
478 191 94
-1 -1 -1
-1 -1 -1
-1 -1 -1
-1 -1 -1
-1 -1 -1
906 97 887
-1 -1 -1
-1 -1 -1
654 492 706
-1 -1 -1
511 648 294
573 79 722
-1 -1 -1
865 209 956
-1 -1 -1
-1 -1 -1
-1 -1 -1
-1 -1 -1
-1 -1 -1
595 868 116
-1 -1 -1
-1 -1 -1
-1 -1 -1
-1 -1 -1
-1 -1 -1
-1 -1 -1
92 261 73
-1 -1 -1
-1 -1 -1
-1 -1 -1
423 286 50
-1 -1 -1
-1 -1 -1
-1 -1 -1
954 392 592
-1 -1 -1
-1 -1 -1
-1 -1 -1
-1 -1 -1
-1 -1 -1
-1 -1 -1
-1 -1 -1
-1 -1 -1
-1 -1 -1
-1 -1 -1
-1 -1 -1
-1 -1 -1
-1 -1 -1
739 75 417
-1 -1 -1
83 262 524
-1 -1 -1
-1 -1 -1
-1 -1 -1
-1 -1 -1
-1 -1 -1
-1 -1 -1
-1 -1 -1
-1 -1 -1
-1 -1 -1
927 536 262
-1 -1 -1
-1 -1 -1
-1 -1 -1
-1 -1 -1
-1 -1 -1
-1 -1 -1
-1 -1 -1
-1 -1 -1
511 147 492
-1 -1 -1
-1 -1 -1
-1 -1 -1
-1 -1 -1
-1 -1 -1
-1 -1 -1
-1 -1 -1
-1 -1 -1
-1 -1 -1
-1 -1 -1
-1 -1 -1
-1 -1 -1
-1 -1 -1
-1 -1 -1
-1 -1 -1
627 79 776
931 723 422
-1 -1 -1
511 286 146
281 534 74
-1 -1 -1
-1 -1 -1
-1 -1 -1
96 722 907
-1 -1 -1
928 453 720
-1 -1 -1
-1 -1 -1
827 176 474
-1 -1 -1
-1 -1 -1
-1 -1 -1
-1 -1 -1
-1 -1 -1
-1 -1 -1
-1 -1 -1
-1 -1 -1
-1 -1 -1
-1 -1 -1
-1 -1 -1
906 97 404
-1 -1 -1
-1 -1 -1
-1 -1 -1
-1 -1 -1
-1 -1 -1
741 531 71
-1 -1 -1
-1 -1 -1
-1 -1 -1
-1 -1 -1
-1 -1 -1
-1 -1 -1
-1 -1 -1
-1 -1 -1
-1 -1 -1
-1 -1 -1
-1 -1 -1
-1 -1 -1
-1 -1 -1
-1 -1 -1
-1 -1 -1
-1 -1 -1
-1 -1 -1
-1 -1 -1
-1 -1 -1
-1 -1 -1
-1 -1 -1
-1 -1 -1
-1 -1 -1
-1 -1 -1
-1 -1 -1
-1 -1 -1
-1 -1 -1
-1 -1 -1
378 280 492
-1 -1 -1
-1 -1 -1
-1 -1 -1
-1 -1 -1
927 264 421
-1 -1 -1
742 921 921
910 891 891
48 326 157
281 722 722
-1 -1 -1
-1 -1 -1
-1 -1 -1
417 96 888
-1 -1 -1
908 889 95
-1 -1 -1
-1 -1 -1
-1 -1 -1
-1 -1 -1
-1 -1 -1
-1 -1 -1
-1 -1 -1
-1 -1 -1
-1 -1 -1
426 723 919
-1 -1 -1
-1 -1 -1
-1 -1 -1
-1 -1 -1
-1 -1 -1
-1 -1 -1
-1 -1 -1
-1 -1 -1
928 909 723
-1 -1 -1
-1 -1 -1
-1 -1 -1
-1 -1 -1
-1 -1 -1
-1 -1 -1
-1 -1 -1
-1 -1 -1
-1 -1 -1
-1 -1 -1
-1 -1 -1
-1 -1 -1
151 492 492
-1 -1 -1
-1 -1 -1
923 80 720
-1 -1 -1
-1 -1 -1
291 492 632
168 460 174
-1 -1 -1
-1 -1 -1
-1 -1 -1
-1 -1 -1
623 919 646
-1 -1 -1
-1 -1 -1
-1 -1 -1
-1 -1 -1
-1 -1 -1
614 851 851
-1 -1 -1
-1 -1 -1
-1 -1 -1
409 94 94
-1 -1 -1
-1 -1 -1
-1 -1 -1
-1 -1 -1
-1 -1 -1
-1 -1 -1
-1 -1 -1
-1 -1 -1
-1 -1 -1
-1 -1 -1
-1 -1 -1
-1 -1 -1
-1 -1 -1
-1 -1 -1
-1 -1 -1
-1 -1 -1
248 40 608
861 470 196
-1 -1 -1
-1 -1 -1
930 722 73
-1 -1 -1
93 262 910
546 723 919
-1 -1 -1
-1 -1 -1
-1 -1 -1
-1 -1 -1
932 723 913
-1 -1 -1
-1 -1 -1
609 921 921
-1 -1 -1
-1 -1 -1
511 492 492
471 70 261
-1 -1 -1
-1 -1 -1
546 919 723
-1 -1 -1
-1 -1 -1
-1 -1 -1
-1 -1 -1
-1 -1 -1
-1 -1 -1
-1 -1 -1
-1 -1 -1
-1 -1 -1
854 492 492
-1 -1 -1
-1 -1 -1
-1 -1 -1
-1 -1 -1
741 722 262
-1 -1 -1
-1 -1 -1
-1 -1 -1
281 262 959
-1 -1 -1
-1 -1 -1
906 557 97
-1 -1 -1
-1 -1 -1
-1 -1 -1
-1 -1 -1
-1 -1 -1
-1 -1 -1
-1 -1 -1
511 219 213
-1 -1 -1
-1 -1 -1
112 390 93
-1 -1 -1
909 94 94
-1 -1 -1
53 722 722
-1 -1 -1
-1 -1 -1
-1 -1 -1
-1 -1 -1
-1 -1 -1
-1 -1 -1
-1 -1 -1
-1 -1 -1
920 264 901
-1 -1 -1
657 836 921
-1 -1 -1
-1 -1 -1
-1 -1 -1
-1 -1 -1
-1 -1 -1
-1 -1 -1
722 492 360
-1 -1 -1
-1 -1 -1
-1 -1 -1
-1 -1 -1
-1 -1 -1
-1 -1 -1
-1 -1 -1
-1 -1 -1
-1 -1 -1
-1 -1 -1
-1 -1 -1
-1 -1 -1
761 176 474
-1 -1 -1
-1 -1 -1
83 349 611
-1 -1 -1
-1 -1 -1
-1 -1 -1
-1 -1 -1
-1 -1 -1
742 75 75
-1 -1 -1
609 921 826
-1 -1 -1
-1 -1 -1
908 557 889
-1 -1 -1
-1 -1 -1
-1 -1 -1
-1 -1 -1
-1 -1 -1
-1 -1 -1
-1 -1 -1
-1 -1 -1
-1 -1 -1
-1 -1 -1
-1 -1 -1
-1 -1 -1
-1 -1 -1
-1 -1 -1
-1 -1 -1
-1 -1 -1
-1 -1 -1
-1 -1 -1
927 426 262
544 919 262
280 261 261
-1 -1 -1
511 354 284
-1 -1 -1
-1 -1 -1
839 324 958
-1 -1 -1
-1 -1 -1
-1 -1 -1
-1 -1 -1
511 273 284
-1 -1 -1
511 286 50
-1 -1 -1
-1 -1 -1
-1 -1 -1
-1 -1 -1
-1 -1 -1
-1 -1 -1
-1 -1 -1
-1 -1 -1
-1 -1 -1
85 647 601
-1 -1 -1
906 181 469
-1 -1 -1
-1 -1 -1
-1 -1 -1
-1 -1 -1
-1 -1 -1
-1 -1 -1
-1 -1 -1
96 77 261
335 94 554
739 74 910
-1 -1 -1
742 261 261
-1 -1 -1
-1 -1 -1
491 176 808
-1 -1 -1
-1 -1 -1
-1 -1 -1
-1 -1 -1
-1 -1 -1
-1 -1 -1
-1 -1 -1
-1 -1 -1
-1 -1 -1
-1 -1 -1
-1 -1 -1
-1 -1 -1
511 630 711
-1 -1 -1
-1 -1 -1
-1 -1 -1
-1 -1 -1
-1 -1 -1
-1 -1 -1
-1 -1 -1
-1 -1 -1
-1 -1 -1
-1 -1 -1
-1 -1 -1
-1 -1 -1
469 722 74
-1 -1 -1
-1 -1 -1
-1 -1 -1
-1 -1 -1
94 75 722
-1 -1 -1
-1 -1 -1
-1 -1 -1
-1 -1 -1
40 219 359
-1 -1 -1
-1 -1 -1
-1 -1 -1
-1 -1 -1
-1 -1 -1
568 229 89
-1 -1 -1
-1 -1 -1
-1 -1 -1
-1 -1 -1
-1 -1 -1
108 895 895
464 79 722
281 919 525
-1 -1 -1
-1 -1 -1
-1 -1 -1
-1 -1 -1
-1 -1 -1
930 911 262
-1 -1 -1
-1 -1 -1
-1 -1 -1
931 72 261
-1 -1 -1
-1 -1 -1
-1 -1 -1
-1 -1 -1
-1 -1 -1
-1 -1 -1
-1 -1 -1
114 95 889
-1 -1 -1
-1 -1 -1
-1 -1 -1
-1 -1 -1
-1 -1 -1
-1 -1 -1
-1 -1 -1
-1 -1 -1
-1 -1 -1
-1 -1 -1
-1 -1 -1
-1 -1 -1
828 477 809
-1 -1 -1
-1 -1 -1
-1 -1 -1
739 459 915
-1 -1 -1
-1 -1 -1
842 957 328
-1 -1 -1
-1 -1 -1
-1 -1 -1
-1 -1 -1
-1 -1 -1
281 73 911
-1 -1 -1
511 492 849
-1 -1 -1
248 94 554
-1 -1 -1
-1 -1 -1
-1 -1 -1
-1 -1 -1
-1 -1 -1
-1 -1 -1
-1 -1 -1
-1 -1 -1
-1 -1 -1
-1 -1 -1
-1 -1 -1
107 436 896
-1 -1 -1
-1 -1 -1
38 169 629
-1 -1 -1
-1 -1 -1
258 492 285
-1 -1 -1
-1 -1 -1
-1 -1 -1
